%% Gears Data
ratio = [3.5333 2.20833 1.43333 1.34146 1 .807018 1.28814 1.2881 4.2727 3.3571]'; % [-] - Single Ratio
Oratio = [15.096730 9.4355315 6.124189 4.5034153 3.3571 3.3571 2.7092401 15.279454]'; % [-] - Overall Ratio
Zp = [15 24 30 41 47 57 59 59 11 14]'; % [-] - Pinion Teeth Number
Zg = [53 53 43 55 47 46 76 76 47 47]'; % [-] Gear Teeth Number
m = [3 2.5 2.5 2.5 2.5 2.5 2.5 2.5 4 4]'; % [mm] - Normal Module
alpha = [22.5 25 25 25 22.5 25 25 25 25 25]'; % [deg] - Normal Pressure Angle
psi = [22 29 34 31 33 23 31.5 31.5 34 34]'; % [deg] - Helix Angle
Rp = [24.2647 34.2857 45.2055 59.7917 70 77.4757 86.5201 86.5201 26.6 33.8]'; % [mm] - Pinion Radius
Rg = [85.7353 75.7143 64.7945 80.2083 70 63.5243 86.5201 111.45 113.4 113.4]'; % [mm] - Gear Radius
b = [30 20.5 20 17 18 17 15 15 46 46]'; % [mm] - Facewidth
Zc = [206.98 35.25 164.83 112.92 177.92 35 248.73 297.92 360 409.19]; % [mm] - Distance